
 -2.64101
 2.04456
 -6.03700
 -5.45316
 3.65603
 -0.81687
 -0.26093
 -0.68833
 -3.31658
 -2.89016
 -0.32870
 2.04816
 1.01301
 -2.53813
 -2.18884
 2.76319
 -0.14717
 2.76193
 3.44937
 -0.44451
 -2.06686
 -4.21943
 -0.75707
 -0.72754
 0.08816
 -2.90997
 2.00075
 0.78085
 2.20971
 0.28852
 -3.47995
 0.50049
 -0.73428
 -3.62775
 1.10280
 0.84023
 0.05032
 0.05489
 0.15726
 -0.00020
 -0.00679
 0.05048
 0.09373
 -0.08539
 0.16327
 0.20077
 -0.07568
 0.02238
 -0.37241
 -0.25801
 -0.93377
 -0.65936
 -0.87178
 -2.27392
 -0.07849
 -0.03351
 4.24150
 -1.88131
 0.03517
 -0.44830
 3.16120
 0.19249
 -2.06397
 4.40010
 -5.97250
 0.19622
 1.60375
 2.83345
 4.52508
 -2.48017
 -1.53232
 2.01706