
 0.27548
 -0.27460
 1.95336
 2.61489
 -5.75082
 -2.33509
 1.87417
 0.55940
 -0.11377
 -1.72699
 -1.44050
 -3.05881
 -1.18232
 3.54474
 0.37585
 -2.62132
 -2.05617
 2.48573
 2.67439
 3.23702
 0.63377
 -2.13001
 -3.81168
 -3.32108
 3.86892
 -3.75718
 0.18029
 0.48133
 2.72367
 0.73835
 1.60527
 -0.97448
 2.52597
 -1.91500
 1.27723
 -0.65005
 0.02419
 0.17453
 0.21022
 0.14804
 0.12410
 0.16298
 0.18032
 -0.10939
 0.21404
 0.22395
 -0.04019
 0.16540
 0.65582
 0.57264
 0.82270
 0.75197
 0.80655
 2.94177
 0.38765
 0.40955
 2.11938
 -3.98093
 -0.20217
 0.68712
 -1.36498
 2.12871
 2.72899
 1.17032
 -2.94969
 0.02245
 -0.26176
 0.20319
 -0.35623
 -0.17341
 -3.24186
 2.63086