
 2.86117
 -3.08116
 3.69834
 -3.72642
 -1.29428
 7.13405
 3.78978
 3.46759
 -0.92335
 -4.15436
 1.07867
 1.18296
 4.39872
 1.64790
 0.97329
 -2.18845
 3.87737
 -4.60567
 4.26931
 2.30410
 -4.09607
 -3.78618
 2.53675
 -2.59520
 -3.11321
 3.29221
 3.45826
 -0.41937
 0.02985
 -3.34327
 -1.77588
 -3.11787
 2.95885
 -3.31840
 4.32632
 3.72787
 0.00120
 0.36033
 0.33410
 0.15049
 0.14357
 0.16948
 0.26913
 -0.13411
 0.33484
 0.34968
 -0.05985
 0.27744
 -0.92437
 -0.73904
 -1.43907
 -1.14452
 -1.33529
 2.98066
 -0.57120
 -0.69705
 4.75809
 1.63905
 -0.13797
 -0.98897
 3.09919
 0.40822
 1.92053
 1.12394
 -2.72490
 0.44226
 1.39138
 -2.17345
 0.40677
 3.25978
 3.82417
 1.22463